<?xml version="1.0" standalone="no"?>
<!DOCTYPE svg PUBLIC "-//W3C//DTD SVG 20010904//EN"
 "http://www.w3.org/TR/2001/REC-SVG-20010904/DTD/svg10.dtd">
<svg version="1.0" xmlns="http://www.w3.org/2000/svg"
 width="1600.000000pt" height="754.000000pt" viewBox="0 0 1600.000000 754.000000"
 preserveAspectRatio="xMidYMid meet">
<metadata>
Created by potrace 1.16, written by Peter Selinger 2001-2019
</metadata>
<g transform="translate(0.000000,754.000000) scale(0.100000,-0.100000)"
fill="#000000" stroke="none">
<path d="M0 6825 l0 -715 8000 0 8000 0 0 715 0 715 -8000 0 -8000 0 0 -715z
m728 283 l-3 -103 -40 -2 c-65 -3 -85 5 -100 40 -26 63 7 123 65 115 27 -4 30
-2 30 24 0 23 4 28 25 28 l26 0 -3 -102z m2542 -2 l0 -103 -54 -1 c-63 0 -84
15 -92 69 -8 50 27 92 72 87 31 -4 34 -2 34 24 0 21 5 28 20 28 19 0 20 -7 20
-104z m-2739 44 c16 -9 19 -22 19 -79 l0 -68 -54 -1 c-94 -1 -117 56 -38 93
53 25 54 39 2 30 -40 -7 -50 1 -28 23 15 15 72 16 99 2z m423 -6 c9 -8 16 -20
16 -25 0 -13 -34 -11 -47 2 -22 22 -43 2 -43 -40 0 -45 26 -64 47 -35 14 19
43 12 43 -11 0 -9 -7 -18 -16 -22 -8 -3 -13 -12 -9 -21 3 -8 0 -21 -6 -28 -13
-16 -69 -19 -69 -4 0 6 9 10 20 10 11 0 20 5 20 11 0 6 -7 9 -15 5 -8 -3 -15
-1 -15 4 0 5 -11 20 -25 34 -49 49 -17 136 50 136 18 0 41 -7 49 -16z m156 6
c9 -6 16 -32 18 -78 l4 -69 -56 -1 c-73 -1 -99 23 -80 72 3 9 24 21 45 26 52
14 52 34 -1 25 -32 -5 -40 -4 -40 8 0 9 6 18 13 20 21 9 81 7 97 -3z m177 -12
c50 -47 12 -138 -57 -138 -41 0 -80 39 -80 80 0 68 87 105 137 58z m243 2 c11
-11 20 -31 20 -45 0 -23 -3 -25 -50 -25 -51 0 -61 -8 -35 -30 12 -10 18 -10
30 0 8 7 23 9 37 5 l22 -8 -23 -18 c-54 -44 -121 -8 -121 63 0 47 28 78 70 78
17 0 39 -9 50 -20z m252 9 c7 -5 14 -36 16 -78 4 -71 4 -71 -22 -71 -25 0 -26
2 -26 66 0 57 -2 65 -17 62 -14 -2 -19 -16 -23 -63 -4 -53 -8 -60 -27 -63 -22
-3 -23 0 -23 63 0 58 -2 66 -17 63 -15 -3 -19 -16 -21 -66 -3 -59 -5 -63 -25
-60 -20 3 -22 9 -25 80 l-3 76 100 0 c55 -1 106 -5 113 -9z m261 -7 c22 -27
27 -62 12 -98 -14 -34 -43 -49 -75 -39 -17 6 -20 2 -20 -29 0 -32 -3 -36 -25
-36 l-25 0 0 109 0 109 59 1 c43 0 63 -5 74 -17z m287 -2 c31 -31 27 -93 -6
-119 -49 -38 -104 -22 -125 37 -8 24 -7 37 5 60 18 34 28 40 74 41 19 1 40 -7
52 -19z m240 0 c11 -11 20 -31 20 -45 0 -23 -3 -25 -50 -25 -51 0 -61 -8 -36
-29 11 -9 19 -9 34 0 11 7 28 9 38 5 18 -7 18 -9 -5 -27 -54 -44 -121 -10
-121 61 0 49 27 80 70 80 17 0 39 -9 50 -20z m277 -6 c21 -21 24 -32 19 -62
-16 -100 -156 -90 -156 11 0 73 84 104 137 51z m573 6 c11 -11 20 -31 20 -44
0 -23 -4 -25 -50 -28 -49 -3 -50 -4 -37 -23 12 -16 17 -17 30 -6 9 7 25 10 37
6 20 -6 21 -8 4 -26 -23 -25 -78 -25 -104 1 -13 13 -20 33 -20 60 0 49 27 80
70 80 17 0 39 -9 50 -20z m240 5 c7 -9 14 -44 16 -79 l3 -64 -52 0 c-61 0 -87
11 -87 38 0 35 12 50 51 60 48 13 42 33 -7 24 -27 -5 -34 -3 -34 9 0 19 15 25
61 26 21 1 42 -5 49 -14z m300 -96 c0 -102 -1 -109 -20 -109 -16 0 -20 7 -20
34 0 34 -1 35 -33 29 -43 -7 -69 21 -70 76 -1 59 22 80 89 80 l54 -1 0 -109z
m80 52 c0 -63 11 -81 35 -61 10 8 15 31 15 66 0 51 1 54 25 54 26 0 26 0 23
-77 l-3 -78 -49 -2 c-77 -3 -86 6 -86 87 0 63 2 70 20 70 18 0 20 -7 20 -59z
m420 39 c11 -11 20 -31 20 -45 0 -23 -4 -25 -45 -25 -33 0 -45 -4 -45 -14 0
-21 19 -30 35 -16 8 6 24 9 35 5 20 -6 21 -8 4 -26 -23 -25 -78 -25 -104 1
-13 13 -20 33 -20 60 0 49 27 80 70 80 17 0 39 -9 50 -20z m190 -32 c0 -61 10
-81 33 -72 13 5 17 19 17 65 0 57 1 59 25 59 26 0 26 0 23 -77 l-3 -78 -56 -2
c-71 -4 -80 6 -87 92 -5 65 -5 65 22 65 25 0 26 -2 26 -52z m352 40 c11 -9 17
-34 20 -79 l4 -66 -58 0 c-44 -1 -61 3 -74 18 -24 27 -5 65 37 77 50 13 50 34
0 26 -41 -7 -51 2 -29 24 16 16 80 15 100 0z"/>
<path d="M946 5837 c-19 -14 -32 -82 -22 -121 7 -30 39 -50 66 -41 44 14 50
130 7 160 -26 18 -29 18 -51 2z"/>
<path d="M6200 5843 c-27 -9 -40 -36 -40 -85 0 -101 87 -121 106 -23 11 60
-26 121 -66 108z"/>
<path d="M11670 5830 c-15 -15 -20 -33 -20 -70 0 -37 5 -55 20 -70 43 -43 80
-10 80 73 0 46 -4 58 -22 71 -29 20 -34 20 -58 -4z"/>
<path d="M11802 5834 c-18 -13 -22 -25 -22 -73 0 -60 18 -91 53 -91 45 0 66
121 27 160 -24 24 -29 24 -58 4z"/>
<path d="M11932 5834 c-18 -13 -22 -25 -22 -73 0 -60 18 -91 53 -91 45 0 66
121 27 160 -24 24 -29 24 -58 4z"/>
<path d="M12252 5834 c-18 -13 -22 -25 -22 -73 0 -60 18 -91 53 -91 45 0 66
121 27 160 -24 24 -29 24 -58 4z"/>
<path d="M12384 5835 c-41 -28 -36 -147 6 -160 27 -9 59 11 66 41 10 39 -3
107 -22 121 -22 16 -25 16 -50 -2z"/>
<path d="M9104 4883 c2 -24 -2 -51 -10 -61 -11 -16 -10 -24 12 -55 27 -41 29
-47 12 -47 -7 0 -23 16 -36 36 -26 39 -42 37 -42 -6 0 -23 -4 -28 -20 -27 -13
1 -19 6 -15 15 3 9 0 10 -13 3 -12 -7 -22 -5 -36 7 -15 13 -17 13 -11 2 5 -9
-1 -7 -15 5 -13 11 -20 15 -17 9 4 -7 0 -15 -9 -18 -8 -3 -13 -2 -10 2 2 4 -4
8 -15 8 -10 0 -19 -4 -19 -9 0 -4 -4 -6 -9 -2 -5 3 -13 0 -16 -5 -5 -8 -13 -5
-26 6 -15 13 -22 15 -31 6 -9 -9 -8 -12 5 -12 9 0 17 -4 17 -9 0 -14 -22 -19
-46 -10 -28 10 -42 -1 -42 -31 1 -26 -10 -417 -16 -605 -2 -60 0 -118 5 -127
7 -13 22 -18 58 -18 34 0 51 -5 54 -15 6 -13 142 -89 150 -83 2 2 12 -3 21
-11 15 -13 15 -16 2 -23 -11 -6 -13 -15 -6 -39 5 -17 8 -36 7 -42 -1 -6 12
-15 30 -20 18 -5 34 -17 36 -26 4 -14 11 71 8 92 0 4 4 7 10 7 7 0 10 -25 9
-67 -4 -124 -2 -143 18 -144 9 0 37 -9 62 -20 28 -12 34 -18 18 -14 -37 7 -35
-2 5 -20 l32 -15 -35 5 -35 5 32 -13 c34 -13 61 -35 29 -23 -16 5 -17 4 -7 -8
10 -11 8 -15 -6 -19 -15 -4 -15 -5 -2 -6 20 -1 32 -38 15 -45 -6 -2 -3 -5 6
-5 9 -1 20 -6 23 -11 5 -7 -11 -9 -47 -6 -37 4 -46 3 -28 -3 17 -6 20 -9 8
-10 -10 -1 -18 -8 -18 -16 0 -9 -10 -15 -26 -15 -14 0 -23 -4 -19 -10 3 -6 -1
-17 -9 -26 -23 -22 -21 -84 2 -84 15 -1 15 -2 -2 -15 -19 -14 -19 -15 8 -15
15 0 25 -4 21 -10 -8 -13 11 -13 35 0 13 7 21 7 25 0 4 -6 10 -8 15 -5 5 3 12
0 16 -6 3 -6 0 -15 -7 -20 -11 -7 -10 -9 4 -9 12 0 17 8 18 28 1 25 2 24 13
-10 12 -41 26 -59 26 -35 0 8 8 18 18 20 16 4 16 5 0 6 -10 0 -18 6 -18 12 0
6 10 9 23 7 12 -2 21 -9 19 -16 -4 -21 30 -13 54 13 22 24 27 25 152 25 70 0
132 4 138 10 5 5 37 10 72 12 l62 2 0 107 c0 88 3 108 16 113 9 3 56 6 105 6
l89 0 0 -72 c0 -103 9 -148 29 -147 10 0 11 2 4 6 -21 8 -15 23 8 23 15 0 19
-5 15 -15 -3 -8 0 -15 7 -15 7 0 13 8 14 18 1 9 6 35 12 57 6 22 11 91 11 153
0 87 3 112 14 112 10 0 14 -33 18 -151 6 -152 13 -184 38 -154 7 8 18 15 25
15 8 0 16 6 18 13 3 6 6 -1 8 -18 4 -54 16 107 18 233 l1 122 -112 0 c-62 1
-196 1 -298 1 -102 0 -250 4 -330 8 -108 6 -28 8 318 9 l462 2 0 -25 c0 -24 3
-25 58 -25 31 0 101 -3 155 -7 l97 -6 20 -71 c12 -39 32 -105 45 -146 18 -56
21 -76 11 -78 -9 -2 -11 -20 -8 -62 4 -56 3 -60 -17 -60 -20 0 -21 -4 -19
-102 1 -57 3 -86 5 -65 3 29 9 37 24 37 18 0 19 -7 17 -92 -1 -60 -3 -74 -5
-40 -4 47 -6 52 -27 52 -18 0 -24 -6 -24 -22 -1 -13 -3 -59 -7 -102 -6 -85 -1
-96 43 -96 17 0 22 -6 22 -25 0 -20 -6 -27 -31 -32 -25 -5 -30 -10 -25 -27 2
-12 8 -39 12 -61 7 -37 8 -38 16 -15 9 25 10 24 58 -30 27 -30 85 -96 127
-147 43 -51 82 -92 87 -92 19 -2 136 62 201 109 45 33 77 49 90 47 95 -21 305
-59 337 -62 14 -1 20 -15 11 -27 -12 -14 -1 -119 19 -177 10 -34 9 -36 -28
-68 -60 -52 -90 -65 -137 -59 -41 5 -40 4 8 -9 72 -19 19 -18 -70 2 -50 11
-71 19 -63 25 8 5 3 6 -13 3 -15 -4 -43 -2 -63 3 -45 13 -53 2 -19 -29 20 -18
25 -20 20 -6 -8 21 -13 22 118 -8 64 -15 122 -23 140 -19 17 3 56 26 87 51 32
24 62 41 68 38 5 -3 10 1 10 10 0 19 -33 12 -65 -13 -11 -9 -1 4 23 29 41 44
42 46 42 117 0 60 -3 74 -17 78 -47 15 -57 24 -20 19 l37 -6 0 161 c0 120 -3
162 -12 164 -7 3 -25 7 -40 10 -27 6 -40 36 -16 36 7 0 0 12 -16 26 -24 23
-36 26 -91 25 l-63 -1 -105 197 c-171 321 -257 493 -246 493 5 0 -1 10 -13 22
l-22 22 35 13 34 13 -35 -6 c-29 -6 -33 -4 -24 7 6 8 10 24 9 37 -1 13 2 25 6
28 16 10 69 13 64 3 -4 -5 -1 -9 5 -9 6 0 8 -5 4 -12 -4 -7 -3 -8 5 -4 6 4 14
0 18 -11 4 -10 11 -21 17 -25 7 -6 6 -11 -4 -18 -12 -8 -11 -10 8 -10 13 0 22
-6 22 -15 0 -8 5 -15 11 -15 5 0 8 -4 5 -9 -4 -5 -2 -11 3 -13 10 -4 101 -145
101 -157 0 -4 9 -19 20 -31 12 -13 35 -49 52 -80 39 -68 34 -64 52 -57 13 5
11 13 -12 49 -53 81 -72 115 -65 121 3 4 1 7 -5 7 -12 0 -23 16 -115 165 -101
162 -106 172 -94 184 8 8 7 11 -2 11 -22 0 6 27 36 35 14 3 23 8 20 12 -3 3
-19 -2 -36 -10 -17 -9 -33 -12 -36 -7 -3 5 19 20 49 33 56 26 92 57 138 117
15 19 47 57 72 84 44 48 50 66 20 66 -8 0 -14 5 -14 10 0 6 5 10 10 10 6 0 10
23 10 50 l0 50 -57 1 c-200 3 -233 4 -233 9 0 4 6 12 13 20 7 9 4 8 -8 -2 -20
-15 -58 -18 -72 -5 -3 4 4 18 17 32 34 36 12 31 -26 -6 -23 -22 -34 -27 -39
-18 -5 7 -4 10 2 6 12 -8 56 37 46 46 -3 4 4 19 18 33 l24 25 -28 -5 c-16 -3
-25 -1 -22 5 4 5 2 9 -4 9 -14 0 -3 27 13 33 7 3 13 -1 13 -9 0 -7 -4 -11 -9
-8 -4 3 -5 -2 -2 -11 6 -14 8 -14 25 1 23 21 24 25 4 18 -11 -4 -13 0 -9 18
10 42 9 68 -1 65 -5 -1 -9 -5 -8 -8 1 -3 -12 -21 -28 -40 l-30 -34 25 36 c24
33 25 49 4 49 -5 0 -6 -5 -2 -12 4 -7 3 -8 -5 -4 -9 6 -9 11 0 22 6 7 15 12
19 9 4 -3 14 3 21 13 13 15 12 16 -3 4 -14 -11 -18 -10 -28 7 -6 12 -7 21 -2
21 4 0 8 8 8 18 1 9 3 23 5 31 2 7 -2 16 -10 19 -8 2 -11 0 -7 -6 3 -6 2 -13
-4 -17 -6 -4 -10 5 -10 19 0 18 4 24 14 20 8 -3 17 -1 20 4 3 5 -2 9 -11 8
-12 -1 -18 7 -19 22 -1 12 -4 25 -8 29 -10 10 -7 -110 3 -126 5 -8 7 -21 4
-28 -15 -37 -21 24 -23 195 0 102 -3 189 -6 194 -6 10 -88 10 -241 1 -87 -5
-110 -9 -106 -19 4 -10 -4 -14 -23 -14 -20 0 -25 -3 -15 -9 17 -11 4 -19 -48
-27 -29 -5 -40 -11 -37 -20 3 -8 -2 -12 -14 -11 -15 1 -18 7 -13 29 3 17 1 28
-6 28 -6 0 -11 -14 -11 -31 0 -27 -3 -30 -22 -23 -13 3 -32 14 -43 23 -18 15
-19 15 -6 -1 9 -12 10 -18 2 -18 -6 0 -11 -4 -11 -10 0 -5 49 -11 113 -13 61
-1 -32 -4 -208 -7 -176 -2 -303 -5 -282 -7 22 -3 37 -10 37 -17 0 -10 25 -14
103 -14 291 -1 340 -2 335 -7 -2 -3 -97 -6 -211 -7 -114 -2 -207 -6 -207 -10
0 -3 75 -7 168 -8 92 -1 173 -2 180 -3 15 0 14 -11 -2 -57 -12 -33 -16 -35
-67 -40 l-54 -5 3 -32 4 -33 -131 0 -131 0 0 -35 c0 -28 4 -35 20 -35 27 0 25
-18 -3 -29 -19 -8 -22 -16 -22 -62 0 -48 2 -54 23 -57 16 -3 22 -10 22 -28 0
-34 47 -35 56 0 5 21 10 23 57 20 29 -2 85 -3 125 -4 65 0 72 -2 72 -20 0 -16
7 -20 34 -20 31 0 34 3 40 38 3 20 6 50 6 65 0 20 6 30 20 34 11 3 20 12 20
21 0 12 5 11 24 -7 l23 -22 7 38 c3 21 6 52 6 70 0 38 9 63 22 63 5 0 21 -11
36 -25 15 -14 39 -25 55 -25 20 0 30 -7 39 -27 7 -16 20 -37 29 -48 18 -20 49
-121 49 -157 0 -18 -3 -20 -53 -23 -15 -1 -30 -5 -34 -9 -3 -3 38 -6 91 -6
l98 0 -6 40 c-3 22 -1 40 3 40 12 0 19 -91 9 -112 -8 -17 -57 -18 -807 -18
-781 0 -1075 6 -1066 20 8 13 205 12 205 0 0 -6 4 -9 9 -6 4 3 135 6 290 6
168 1 281 5 281 11 0 5 -53 9 -122 10 -72 0 -115 4 -103 8 18 8 -220 28 -252
22 -7 -1 -13 3 -13 10 0 7 9 9 25 5 14 -4 25 -2 25 4 0 5 3 9 8 9 4 -1 22 2
40 6 24 5 30 11 23 18 -17 17 -13 25 12 29 18 2 24 13 33 63 7 33 12 52 13 43
1 -13 10 -18 32 -18 24 0 30 4 25 15 -3 9 0 15 9 15 7 0 16 8 18 18 4 13 5 12
6 -5 0 -12 -5 -24 -11 -26 -10 -4 -10 -6 0 -6 6 -1 13 -15 13 -33 1 -20 5 -9
9 27 5 33 7 61 6 63 -2 1 -23 4 -47 7 -24 2 -84 10 -132 16 -84 12 -88 14 -85
37 l3 23 221 1 c122 1 226 -2 233 -6 8 -5 11 13 11 61 0 38 5 74 10 79 7 7
-23 11 -96 13 -58 1 -118 8 -133 14 -23 10 -19 12 49 17 41 4 58 7 38 8 -21 1
-38 7 -38 12 0 6 -12 10 -27 10 -16 0 -41 7 -57 15 -15 8 -39 15 -53 15 -13 0
-35 12 -48 26 -14 15 -31 24 -39 21 -9 -4 -16 3 -20 19 -6 22 -12 25 -42 22
-21 -1 -38 3 -43 10 -4 7 -12 12 -17 11 -5 -2 -24 1 -41 5 -23 5 -33 13 -33
26 0 10 -4 22 -10 25 -6 3 -7 -1 -4 -10 5 -11 2 -14 -10 -9 -14 5 -16 2 -10
-20 11 -47 -18 -30 -70 39 -14 19 -15 17 -12 -22z m-228 -291 c7 -9 10 -26 8
-37 -3 -11 -5 -32 -6 -47 -1 -16 -5 -28 -10 -28 -5 0 -7 -4 -3 -9 3 -5 -6 -18
-19 -28 -36 -29 -39 -103 -6 -138 20 -21 22 -28 10 -35 -8 -5 -18 -6 -24 -3
-5 3 -6 1 -2 -5 4 -6 -2 -20 -14 -32 -11 -11 -20 -25 -20 -31 0 -5 -4 -7 -10
-4 -6 4 -10 87 -10 216 l0 210 47 -7 c26 -3 53 -13 59 -22z m1681 -498 c139
-4 250 -11 247 -15 -2 -4 5 -10 16 -14 24 -8 25 -14 5 -41 -8 -12 -11 -24 -8
-28 3 -3 -2 -6 -11 -6 -12 0 -16 -5 -12 -15 5 -13 -77 -15 -699 -15 -463 0
-705 3 -705 10 0 6 -7 10 -15 10 -13 0 -14 4 -5 20 7 12 16 17 28 13 13 -5 15
-3 5 7 -14 15 6 40 32 40 9 0 13 5 10 10 -3 6 -5 11 -3 12 26 13 779 21 1115
12z m-192 -170 c-11 -12 -19 -13 -29 -5 -7 6 -15 8 -19 5 -6 -6 -222 -27 -247
-24 -8 1 -51 3 -95 4 -202 6 -268 10 -225 13 31 3 40 7 30 14 -9 5 102 9 293
9 283 0 307 -1 292 -16z m876 -3 c-6 -10 -27 -33 -47 -50 -28 -25 -39 -30 -50
-20 -11 9 -14 8 -14 -5 0 -9 5 -16 10 -16 18 0 10 -18 -10 -23 -17 -4 -20 0
-21 26 -2 61 -4 70 -15 74 -7 2 -18 -2 -26 -9 -17 -17 -79 -51 -82 -46 -21 25
-23 45 -8 62 16 18 16 18 -8 6 -23 -12 -24 -12 -11 3 11 14 35 17 153 17 132
0 138 -1 129 -19z m-953 -149 c-3 -11 0 -19 8 -19 8 0 14 6 14 13 0 19 25 24
111 24 51 0 79 -4 79 -11 0 -7 -12 -10 -30 -7 -16 3 -30 1 -30 -4 0 -4 36 -8
80 -8 44 0 80 -4 80 -9 0 -10 -26 -22 -33 -15 -2 3 -188 6 -413 7 -225 1 -355
3 -290 4 66 2 125 8 131 13 13 11 55 9 55 -2 0 -4 44 -8 98 -7 64 1 88 4 72 9
l-25 8 28 1 c16 1 26 5 22 11 -4 6 5 10 21 10 21 0 25 -4 22 -18z m762 -532
c0 -6 -8 -23 -17 -37 -20 -30 -22 -29 32 -7 8 3 15 1 15 -5 0 -6 15 -12 33
-12 29 -2 29 -2 5 -6 -18 -3 -28 -11 -30 -26 -2 -17 -11 -23 -37 -25 -29 -3
-33 -1 -29 16 4 15 0 22 -16 26 -42 11 -46 7 -46 -39 0 -50 2 -51 94 -39 33 5
46 11 42 20 -3 8 0 11 10 7 7 -3 14 -9 14 -13 0 -4 17 -12 38 -18 32 -9 34
-10 10 -11 -21 -1 -29 -7 -34 -26 -3 -14 -10 -25 -14 -25 -4 0 -11 -7 -14 -16
-3 -8 -2 -12 3 -9 5 3 12 1 16 -5 3 -5 32 -10 63 -10 l57 -1 -32 -14 c-17 -7
-36 -22 -42 -33 -18 -34 -41 -52 -67 -52 -28 0 -33 30 -9 50 28 23 15 30 -60
30 -43 0 -75 4 -75 10 0 6 29 10 66 10 58 0 65 2 54 15 -7 9 -10 27 -6 45 l6
30 -60 0 -60 0 -1 -47 c-2 -77 -5 -145 -9 -183 -5 -58 -17 80 -19 212 l-2 118
41 6 c22 4 41 12 41 18 1 6 2 16 4 21 1 6 3 16 3 23 2 14 32 16 32 2z m176
-351 c5 -8 -2 -10 -21 -6 -18 3 -34 -1 -42 -9 -12 -12 -3 -14 64 -15 60 -1 71
-3 45 -9 -18 -4 -34 -9 -35 -11 -2 -2 -14 -20 -27 -40 -13 -20 -35 -41 -49
-47 l-26 -10 25 -2 c14 -1 32 -3 40 -4 8 -2 44 -4 80 -6 36 -1 54 -5 40 -7
-30 -6 -57 -29 -76 -65 -16 -32 -23 -34 -49 -14 -18 13 -18 15 -2 40 l17 26
-45 0 c-28 0 -44 -4 -40 -10 9 -14 -5 -12 -35 5 -14 8 -49 14 -79 15 -82 0
-56 9 32 11 43 1 80 5 83 10 3 5 -2 9 -10 9 -25 0 -18 23 15 53 18 15 30 30
27 32 -3 3 -48 6 -101 7 -53 1 -97 6 -97 10 0 7 103 13 157 8 13 -1 27 7 35
19 14 23 62 29 74 10z"/>
<path d="M9840 4143 c0 -5 44 -8 98 -8 53 -1 214 -2 357 -4 143 -2 321 -3 395
-3 74 0 148 -1 164 -2 16 0 31 5 33 12 4 9 -105 12 -521 12 -289 0 -526 -3
-526 -7z"/>
<path d="M3902 3063 c2 -55 7 -88 15 -90 7 -3 13 8 15 24 3 24 7 28 30 25 46
-6 75 61 44 103 -9 12 -28 19 -60 21 l-47 3 3 -86z"/>
<path d="M9260 3053 c0 -6 -27 -8 -69 -5 -38 2 -81 2 -95 -2 -25 -6 -26 -10
-27 -74 0 -47 -3 -61 -9 -47 -5 11 -9 14 -9 7 -1 -8 7 -27 17 -44 l17 -30 114
7 c91 6 115 5 122 -6 5 -8 9 -83 8 -167 0 -85 2 -156 5 -159 3 -4 6 1 6 10 0
13 9 17 33 17 24 0 41 8 63 31 41 43 76 59 131 59 l48 0 2 122 c1 92 -2 124
-12 132 -16 13 -23 56 -12 74 5 6 20 12 34 12 25 0 25 -1 19 -50 -5 -40 -3
-54 10 -67 14 -15 16 -31 10 -114 -7 -107 -7 -107 51 -101 25 3 31 7 22 13
-10 6 -8 9 9 9 13 0 29 -6 37 -13 7 -8 30 -13 51 -13 l38 2 -2 119 c-1 66 -4
141 -8 168 -6 46 -6 47 20 47 28 0 29 -2 26 -66 -1 -23 3 -45 9 -49 13 -7 14
-98 2 -167 -7 -45 -7 -46 22 -52 71 -14 74 -12 88 67 7 39 13 89 13 109 l1 38
49 0 c48 0 48 0 41 28 -4 15 -9 42 -11 60 -4 30 -2 32 26 32 16 0 31 -4 31
-10 1 -5 3 -14 4 -20 1 -5 3 -28 4 -50 1 -31 5 -40 19 -40 14 0 17 9 15 54 -1
37 3 59 13 66 25 22 5 29 -60 23 -56 -5 -66 -3 -85 16 -30 30 -135 31 -153 1
-9 -14 -24 -20 -50 -20 -25 0 -45 7 -58 20 -16 16 -33 20 -80 20 -49 0 -62 -4
-72 -20 -17 -27 -102 -28 -131 -2 -14 13 -36 17 -88 17 -39 0 -69 4 -69 10 0
6 -4 4 -9 -4 -5 -8 -7 -20 -4 -28 4 -10 -6 -13 -38 -12 -42 1 -42 1 -16 11 36
13 35 29 -3 22 -18 -4 -36 -1 -45 6 -8 7 -15 8 -15 3z"/>
<path d="M10541 2848 c-1 -15 -11 -18 -57 -18 l-56 0 23 -25 c15 -15 35 -25
52 -25 22 0 28 -4 25 -17 -2 -13 -16 -19 -49 -23 l-46 -5 -2 -125 c-2 -90 1
-122 9 -114 6 6 12 25 13 42 2 28 6 32 30 32 16 0 26 -4 22 -10 -3 -5 -1 -10
4 -10 6 0 11 13 11 29 0 16 4 41 9 55 9 22 7 25 -20 31 -25 6 -30 11 -27 33 2
22 9 28 36 30 24 3 32 8 32 23 0 11 4 18 9 14 11 -6 26 33 17 42 -3 3 2 12 12
19 15 12 15 13 -10 14 -14 0 -29 6 -31 13 -3 7 -6 5 -6 -5z"/>
<path d="M10050 2669 c0 -14 7 -19 26 -19 39 0 62 -17 69 -50 l7 -30 111 -1
c62 -1 117 -1 124 0 6 1 14 -6 16 -16 3 -10 5 5 6 34 l1 52 -52 10 c-29 6 -93
15 -143 21 -174 20 -165 20 -165 -1z"/>
<path d="M10155 2437 c2 -68 0 -95 -7 -91 -11 7 -8 -80 8 -301 3 -38 1 -75 -3
-81 -8 -12 -371 -23 -791 -25 -222 -1 -223 -1 -220 -23 3 -18 9 -21 48 -19
222 7 487 13 699 15 163 2 258 6 268 13 17 13 55 108 58 148 1 15 4 30 5 35 1
4 1 15 0 26 -1 10 4 23 12 28 10 7 9 12 -7 24 -14 11 -16 18 -7 21 13 5 17 33
5 33 -5 0 -8 11 -8 25 0 14 4 25 9 25 5 0 2 8 -6 18 -8 9 -16 35 -16 56 -1 22
-7 43 -14 48 -10 6 -10 8 1 8 11 0 9 6 -7 23 -11 12 -23 38 -25 57 -3 19 -4
-9 -2 -63z"/>
<path d="M9280 2470 c-17 -21 -53 -54 -80 -71 -28 -18 -57 -43 -66 -56 -12
-20 -18 -22 -30 -12 -11 9 -14 8 -14 -4 0 -16 -25 -35 -45 -35 -5 1 -16 -11
-23 -26 -11 -22 -16 -24 -33 -16 -16 9 -21 7 -29 -15 -6 -15 -10 -31 -10 -36
0 -5 -21 -31 -46 -57 -25 -26 -57 -59 -71 -74 -14 -15 -41 -37 -59 -50 -19
-13 -34 -27 -34 -31 0 -4 -11 -19 -25 -33 -17 -17 -25 -36 -25 -61 0 -30 2
-34 15 -23 8 7 15 18 15 25 0 6 11 18 25 25 14 7 25 17 25 21 0 8 45 53 124
124 69 62 225 214 247 241 9 10 55 57 103 103 47 46 86 88 86 92 0 19 -20 7
-50 -31z"/>
<path d="M10677 2182 c-22 -24 -22 -27 12 -200 16 -81 42 -213 57 -294 20
-102 33 -148 42 -148 8 0 11 7 8 18 -3 9 -14 71 -26 137 -12 66 -35 191 -52
279 -23 118 -28 164 -20 180 15 33 0 52 -21 28z"/>
<path d="M11150 2009 c0 -6 -7 -17 -15 -26 -8 -8 -13 -19 -10 -23 3 -5 -4 -14
-15 -20 -12 -6 -19 -17 -17 -24 4 -10 -7 -12 -44 -8 -49 5 -57 -1 -39 -28 8
-12 11 -13 19 -1 6 9 10 10 16 2 4 -7 1 -18 -5 -26 -10 -12 -9 -15 4 -15 9 0
16 -4 16 -10 0 -5 7 -10 15 -10 8 0 15 -6 15 -13 0 -8 12 -24 26 -38 25 -23
26 -23 36 -5 9 16 13 17 22 5 13 -17 138 -79 159 -79 40 0 135 -46 170 -82 37
-37 40 -38 62 -24 12 8 32 35 44 60 19 39 22 60 20 175 -1 147 2 143 -76 85
-17 -13 -52 -35 -78 -48 -59 -32 -78 -25 -160 53 -60 58 -165 122 -165 100z"/>
<path d="M0 650 l0 -650 8000 0 8000 0 0 650 0 650 -8000 0 -8000 0 0 -650z
m9020 0 c22 -13 22 -186 0 -200 -24 -15 -1873 -13 -1888 2 -7 7 -12 44 -12 98
0 54 5 91 12 98 15 15 1864 17 1888 2z m-1 -329 c22 -14 28 -154 7 -186 l-16
-25 -933 0 c-712 0 -936 3 -945 12 -7 7 -12 44 -12 98 0 54 5 91 12 98 15 15
1864 17 1887 3z"/>
</g>
</svg>